
231
230
231
231
232
231
230
230
232
231
231
230
231
231
231
231
231
230
231
232
231
229
230
231
231
231
232
231
230
230
231
232
230
230
230
230
231
231
231
231
230
231
231
232
232
231
230
230
230
231
232
231
230
230
230
230
231
231
231
230
230
230
231
232
231
230
231
231
232
231
230
230
231
230
231
231
230
230
231
231
232
232
231
230
231
231
231
230
230
230
231
232
231
232
231
230
230
230
231
232
232
232
231
230
229
230
231
231
231
231
230
229
231
232
232
229
230
230
231
231
231
230
231
232
233
231
230
230
231
231
232
232
230
230
231
231
232
231
230
230
231
232
233
232
231
230
230
232
231
232
232
231
231
230
232
231
232
232
231
231
231
231
232
232
231
230
231
231
232
232
231
232
230
231
231
231
231
231
232
232
231
231
230
232
232
232
230
231
231
232
233
233
231
231
232
232
232
232
231
232
232
232
231
231
232
232
232
232
233
232
230
233
233
232
231
232
232
231
232
232
232
231
231
230
231
232
232
233
232
231
232
232
233
233
231
230
231
232
232
233
232
232
231
231
232
233
233
233
232
231
230
230
231
232
232
231
231
231
230
231
232
231
229
229
229
229
226
225
224
225
223
220
220
219
218
217
215
214
213
214
213
213
212
210
210
210
209
207
206
207
206
204
201
201
201
198
197
197
196
195
194
192
191
190
188
185
183
182
179
175
172
169
166
162
160
158
155
152
150
148
144
142
139
137
134
133
132
132
131
132
133
133
134
133
132
132
132
133
134
137
138
139
139
138
135
133
129
128
124
120
116
110
106
100
93
84
77
71
68
66
65
64
63
63
65
69
74
81
89
100
112
126
139
148
158
165
171
177
184
189
194
200
207
213
218
221
225
227
229
229
229
230
231
229
231
231
231
230
230
231
232
232
232
231
231
235
232
232
232
232
232
231
231
232
232
233
232
233
232
229
232
232
232
232
231
230
228
227
227
227
227
225
224
225
222
221
219
216
214
212
211
209
206
205
204
203
200
198
196
196
194
192
189
187
185
183
178
175
172
166
163
159
155
149
144
139
134
130
124
117
111
106
99
96
96
99
105
112
118
125
130
135
141
148
166
199
216
221
223
226
228
229
228
229
231
230
230
229
230
231
231
232
231
230
230
231
232
233
232
231
232
232
233
232
231
232
232
233
231
232
232
232
233
232
230
231
232
232
232
232
232
231
231
232
232
232
233
231
230
231
231
233
232
232
229
223
215
206
196
186
177
170
165
159
154
151
149
148
147
148
148
148
150
151
153
154
156
157
159
164
163
165
168
171
172
175
176
178
184
188
191
191
194
197
199
199
198
198
196
194
191
190
188
187
185
183
186
186
186
186
186
187
186
185
185
186
184
184
183
182
180
179
179
177
175
174
174
172
170
169
167
166
165
163
160
158
154
148
143
138
134
130
127
126
123
124
125
127
130
134
137
139
139
139
138
136
131
128
122
115
106
96
89
82
78
74
71
69
67
65
63
63
62
62
61
60
60
59
57
58
57
57
56
57
57
59
64
71
83
96
107
118
125
131
138
143
148
154
156
159
162
163
164
166
166
165
164
166
162
160
157
155
152
151
150
151
152
156
159
161
163
164
165
166
168
168
168
169
171
170
172
173
173
173
174
173
174
175
175
174
174
175
175
174
175
176
175
174
175
176
175
174
174
175
173
173
173
173
171
170
170
168
166
165
164
161
158
155
152
148
145
142
140
139
138
136
137
137
137
136
138
137
137
136
135
134
132
128
125
120
114
110
102
97
88
82
75
69
65
62
61
58
58
57
56
56
55
55
54
54
53
53
53
53
53
53
52
52
52
53
54
58
64
72
83
96
109
120
130
138
144
148
151
155
158
159
161
164
165
164
166
167
167
166
168
169
168
168
170
171
169
168
169
170
169
169
170
168
168
168
167
166
166
166
164
162
161
160
157
155
154
150
148
145
143
142
140
141
141
142
150
159
161
165
170
196
217
221
225
227
229
230
230
228
229
229
230
229
230
230
230
231
233
233
233
232
232
232
231
231
233
232
232
230
231
231
232
232
233
232
231
232
232
232
231
232
232
233
232
230
232
233
224
193
175
169
169
167
162
160
163
167
173
179
185
190
196
202
205
208
210
213
214
216
218
220
222
221
221
222
222
224
224
222
223
223
223
223
221
221
221
221
219
218
216
212
209
206
204
200
195
189
184
178
168
158
148
134
119
108
106
111
117
121
127
132
137
146
159
174
190
209
221
225
227
227
227
228
229
230
230
231
230
229
230
230
231
232
230
230
230
230
231
232
232
232
230
230
230
232
232
230
230
233
231
232
232
233
227
215
200
185
171
159
149
147
154
160
164
171
178
187
195
203
212
220
225
229
229
231
231
230
230
231
232
232
231
232
232
233
232
232
231
232
232
232
233
234
232
231
230
230
229
229
227
223
220
219
214
208
205
202
197
191
185
178
171
163
153
143
131
122
125
131
137
153
173
200
219
223
226
228
229
229
229
229
230
231
232
232
230
231
230
230
230
231
231
231
230
231
231
232
232
232
231
230
231
232
232
231
230
231
231
232
232
233
230
228
224
218
210
200
189
179
169
158
147
142
133
130
129
127
126
128
134
141
147
154
164
173
179
187
194
197
199
201
204
207
206
209
210
212
212
211
210
208
208
207
204
203
203
203
200
197
195
193
192
190
189
187
188
188
188
188
188
187
186
186
186
184
183
183
182
183
181
180
180
179
179
177
176
177
176
174
174
175
173
171
170
170
169
167
166
167
165
163
162
161
159
158
156
152
148
144
138
132
125
117
111
104
97
92
86
79
73
68
64
61
59
58
57
57
56
56
55
55
54
55
54
54
53
53
53
53
53
56
61
69
77
87
96
107
118
127
137
143
148
152
154
156
158
158
160
160
159
160
160
158
157
156
153
152
152
154
156
157
160
161
161
162
164
163
165
166
167
167
168
170
169
169
170
171
171
172
173
174
174
173
174
176
175
174
175
176
175
175
175
174
173
173
172
173
171
171
170
168
167
166
165
163
161
159
156
152
147
142
134
125
114
103
92
82
74
68
64
62
60
58
57
55
55
55
55
54
54
53
53
52
53
53
52
53
56
59
67
78
90
102
113
121
128
136
141
147
152
155
160
163
163
165
165
165
165
165
165
162
162
161
159
157
154
150
143
137
129
120
113
108
103
98
94
91
87
83
80
77
76
74
73
72
72
72
73
75
79
84
90
97
105
114
124
133
141
146
149
154
156
156
159
161
160
160
161
160
161
161
161
160
162
163
163
164
165
166
167
169
169
170
172
172
172
172
173
174
174
175
175
175
176
176
177
176
177
175
176
176
177
176
176
175
175
174
175
174
173
172
172
169
169
169
167
164
163
161
158
154
146
137
129
121
115
110
106
103
100
97
96
95
96
98
100
103
104
105
103
100
95
88
80
72
66
62
60
59
58
58
57
57
57
57
57
57
56
56
55
56
56
55
55
55
55
54
55
54
54
53
53
54
60
70
82
96
108
121
129
136
141
145
148
149
152
153
152
153
153
151
151
151
151
151
154
155
157
159
160
162
164
166
166
166
167
169
169
169
168
168
168
168
167
167
167
165
164
164
163
161
161
159
157
156
154
152
149
145
138
129
115
100
87
77
70
65
63
62
60
59
59
58
57
57
57
56
55
56
56
56
56
56
56
56
56
56
55
54
51
48
46
43
41
39
37
36
35
35
34
34
33
33
33
34
36
39
44
46
48
51
58
72
94
115
130
138
145
150
153
156
159
160
161
162
164
163
164
165
165
165
166
167
166
167
167
168
169
170
170
173
172
173
173
174
174
175
176
175
176
176
177
175
176
177
175
175
176
175
174
174
174
173
172
170
169
168
165
163
161
162
159
157
156
153
151
151
149
150
150
150
150
151
151
148
145
135
123
108
93
82
74
68
66
64
62
61
59
59
59
58
57
57
57
56
56
56
56
56
55
55
55
64
86
112
130
143
153
159
163
167
170
172
172
173
175
176
176
177
178
177
178
178
178
178
179
178
177
178
177
176
174
169
153
125
106
115
131
145
150
154
156
159
169
188
205
214
217
219
221
222
219
207
187
183
189
191
192
197
205
214
220
220
220
221
224
225
223
222
221
219
218
215
215
214
214
213
211
211
209
205
201
195
192
185
172
160
169
180
191
200
208
211
213
215
214
208
198
187
174
170
175
183
190
193
197
201
206
207
210
212
215
215
215
214
213
212
212
211
207
202
199
193
179
160
164
171
178
181
182
182
179
174
166
158
152
159
169
179
185
189
193
195
195
196
198
200
204
207
210
212
215
212
211
207
200
199
193
184
166
154
159
163
165
162
165
180
189
197
204
218
226
227
229
231
231
231
230
230
230
232
232
234
233
231
232
232
233
234
233
232
232
232
232
233
234
233
233
232
232
232
233
234
231
232
232
233
233
232
231
232
232
234
233
232
233
231
232
233
233
233
233
233
233
232
232
233
233
233
232
232
233
233
233
234
233
232
232
233
234
234
233
233
233
232
233
233
233
233
233
231
232
232
231
233
233
232
232
231
231
232
232
232
232
232
230
230
229
229
227
226
225
223
220
218
218
217
216
215
214
212
212
212
212
211
209
209
209
208
207
207
206
207
206
204
204
204
204
203
202
202
203
202
200
201
202
201
200
200
201
199
199
200
200
200
199
200
200
199
198
198
199
200
199
198
200
200
200
198
199
200
201
200
199
200
200
202
202
204
202
203
204
203
203
204
204
206
206
205
206
206
208
210
211
211
212
212
215
217
221
222
223
226
229
229
228
230
231
231
231
230
229
231
232
231
230
230
232
231
230
230
230
231
232
231
230
230
231
232
232
231
230
230
231
232
232
233
232
231
230
231
232
232
230
231
231
231
232
232
232
233
231
229
229
227
224
223
223
222
219
219
220
220
218
217
217
216
217
215
215
213
214
214
213
213
213
210
207
204
202
199
196
194
194
193
193
192
194
195
195
195
197
198
200
200
201
202
204
203
204
205
206
208
207
208
210
212
214
215
216
216
218
220
222
225
227
228
229
230
230
230
231
231
229
227
227
226
226
223
223
222
223
223
222
220
218
217
216
215
213
213
214
214
215
215
215
217
219
220
222
223
223
222
223
222
222
223
223
221
221
221
221
221
219
219
218
217
217
217
217
215
214
214
213
213
212
208
209
210
210
210
208
208
208
208
206
207
208
207
204
205
205
207
206
205
205
206
205
205
205
205
205
204
203
203
202
202
201
201
200
202
200
199
199
200
199
199
198
198
199
197
196
196
196
196
197
196
196
195
195
195
195
195
196
196
195
195
194
195
195
195
194
193
193
193
194
193
192
190
192
191
190
190
190
191
191
189
189
189
189
188
188
188
188
187
187
187
187
187
186
187
188
18