860
860
860
861
860
859
860
861
861
860
861
860
860
859
860
861
860
859
861
860
859
859
860
861
861
859
860
860
859
860
862
859
860
860
860
860
861
860
859
860
860
860
860
860
860
859
860
860
861
859
861
860
859
859
860
860
860
860
861
860
860
860
861
858
859
860
860
860
860
860
860
859
859
860
861
859
861
861
860
859
859
860
861
859
859
860
860
860
860
861
859
861
861
860
859
860
861
860
860
861
861
859
861
861
859
860
861
861
860
861
862
860
860
861
861
860
860
861
860
860
861
861
859
860
860
861
860
861
861
860
860
862
861
861
861
861
861
860
860
862
859
861
862
860
861
860
861
862
859
861
861
862
861
860
861
862
860
860
861
862
860
860
862
861
860
861
862
860
861
861
862
861
859
862
862
860
861
862
861
861
860
861
861
860
860
862
862
862
861
861
861
860
860
861
862
860
862
861
860
861
862
860
860
862
861
862
862
860
860
861
861
861
860
861
862
861
861
861
862
861
861
861
862
860
859
860
861
860
858
858
857
854
852
851
849
846
845
843
841
838
838
837
834
833
832
829
828
826
824
824
821
819
819
815
812
812
809
805
804
801
798
796
791
788
785
781
777
772
766
760
752
740
727
710
693
675
658
639
621
605
592
579
570
559
553
547
545
542
542
540
540
540
538
539
538
537
538
534
531
528
525
523
521
520
519
518
517
517
517
517
519
523
527
527
528
528
537
556
587
621
652
678
697
717
732
748
760
768
774
781
787
790
793
797
800
802
805
807
808
809
811
813
814
814
816
816
819
819
819
821
822
821
824
824
823
824
825
825
826
827
827
826
826
827
826
828
828
827
826
826
827
827
827
827
827
826
826
827
823
826
825
825
825
825
824
825
824
823
824
823
821
823
822
822
821
822
820
820
821
818
818
819
816
816
817
815
814
814
814
813
813
811
812
811
810
810
809
808
808
807
805
806
804
802
802
800
800
798
796
796
795
792
791
789
786
785
784
781
778
777
774
771
770
766
764
761
757
754
750
746
742
738
734
730
726
720
715
708
703
694
687
680
672
665
656
646
634
621
608
594
575
570
561
554
549
544
542
538
532
525
519
510
503
495
488
481
473
465
458
449
444
441
437
433
437
541
673
774
820
840
842
851
854
855
855
857
858
858
858
858
860
859
859
860
860
859
860
862
859
860
861
861
861
860
861
861
860
861
862
861
861
861
861
862
861
861
861
862
862
861
861
863
862
860
861
863
861
862
862
861
859
859
855
851
846
841
833
825
814
794
768
734
690
645
615
598
587
581
595
638
682
714
743
778
815
842
850
855
858
858
860
861
861
862
861
862
861
862
862
862
862
867
863
860
861
861
862
863
862
862
860
861
862
860
827
788
762
727
694
692
727
763
794
814
830
840
848
853
856
857
859
861
860
860
861
862
861
861
862
862
861
862
860
862
862
863
862
862
860
863
862
861
862
862
862
859
861
860
855
849
845
841
840
852
859
859
860
862
861
862
862
861
861
862
862
861
860
861
861
862
861
862
862
862
860
861
861
861
862
862
862
861
861
862
861
860
862
862
862
861
861
861
860
861
862
862
861
861
862
862
860
862
862
862
860
862
862
862
860
861
862
861
862
863
862
859
857
851
843
832
822
808
794
785
777
769
764
759
753
749
742
737
731
723
713
702
688
671
655
635
619
604
596
589
586
583
582
583
582
585
586
588
596
605
621
640
661
685
704
723
735
749
760
768
778
784
791
795
799
803
805
807
810
812
812
815
815
817
818
818
817
818
818
817
817
817
816
816
815
815
815
813
814
811
813
812
810
809
809
808
808
806
807
806
805
805
803
804
804
801
802
800
799
800
798
795
794
794
792
789
789
788
785
784
784
782
780
781
779
778
778
776
775
775
771
771
768
766
764
761
759
756
753
751
749
744
741
738
733
729
727
722
720
716
714
713
711
708
706
705
701
698
695
692
689
686
684
681
678
675
669
666
660
656
648
641
633
626
617
609
601
594
586
579
572
564
557
551
546
542
539
538
536
534
534
533
532
531
531
531
531
531
531
531
530
530
530
529
528
528
527
526
526
524
526
527
527
528
530
531
535
543
565
597
639
677
708
744
801
836
845
850
852
854
855
855
856
858
857
857
858
859
859
860
859
859
860
859
859
861
860
859
860
862
860
860
861
862
861
860
861
861
860
860
861
861
859
858
854
850
847
844
841
839
838
836
833
828
832
832
831
830
830
828
827
828
827
826
826
824
824
825
823
824
823
822
822
822
821
819
820
820
819
818
818
817
816
816
816
815
815
814
814
813
813
812
812
811
811
810
810
808
809
809
807
807
807
805
806
805
804
805
804
803
804
802
801
802
799
800
800
799
796
798
797
796
797
796
794
795
793
792
793
791
787
789
786
786
786
783
783
782
779
778
777
775
774
771
770
769
766
765
763
760
759
755
753
751
747
744
741
735
731
725
720
711
704
693
683
668
652
633
617
599
584
573
562
552
543
537
532
528
525
523
521
520
521
519
519
519
521
524
532
542
557
576
597
621
643
670
695
716
733
743
754
760
764
770
773
777
778
779
782
781
782
783
781
783
781
780
780
778
777
776
773
772
771
767
765
763
757
752
744
734
725
713
704
694
685
677
668
661
653
645
637
629
623
618
612
609
607
604
603
600
599
596
591
586
579
576
570
563
559
551
544
537
532
530
529
528
529
526
523
519
516
513
511
506
505
504
503
504
506
508
511
515
518
519
520
524
532
542
558
575
594
617
634
651
663
675
683
690
695
700
703
704
709
702
698
696
693
694
696
701
706
712
718
723
730
733
738
744
746
750
752
756
759
765
772
774
778
781
780
781
781
781
781
780
780
778
777
776
773
769
766
759
754
749
742
740
737
735
734
732
732
730
730
730
729
732
733
737
738
742
744
745
751
756
762
770
775
780
785
786
789
790
792
793
794
793
794
796
794
793
793
794
792
792
792
790
788
789
788
785
785
784
781
780
780
777
776
776
774
772
768
764
760
751
746
743
741
741
740
743
743
745
746
747
749
748
749
747
745
742
738
736
733
728
728
728
727
728
730
733
737
745
753
761
771
780
788
796
799
803
806
805
807
808
804
804
799
800
799
799
797
795
794
791
785
780
783
784
786
786
789
790
791
793
793
792
794
790
791
789
788
787
785
782
758
753
754
756
759
761
760
759
759
756
754
750
745
740
731
723
713
704
696
686
678
669
663
659
654
654
654
657
659
663
665
668
668
670
668
664
659
653
642
629
615
602
590
579
571
563
558
555
551
549
548
549
552
554
559
563
568
574
582
590
602
614
631
646
666
673
684
696
703
714
722
733
741
747
753
754
756
756
755
756
757
758
761
762
767
769
771
774
776
777
779
778
781
781
781
782
781
781
781
779
778
777
774
773
769
767
764
761
758
755
751
748
745
742
740
734
732
727
722
716
709
703
696
688
682
677
671
669
666
665
663
661
657
650
642
631
618
606
593
584
576
571
567
563
559
552
546
540
536
533
531
530
529
529
531
534
538
540
541
539
538
534
531
529
528
528
528
527
527
527
527
527
527
527
526
526
526
526
525
526
525
525
525
525
527
533
540
547
559
573
592
612
633
653
671
689
701
717
726
738
748
756
765
771
778
783
786
791
796
799
799
803
805
806
807
810
809
811
812
811
812
813
812
814
811
812
811
811
811
812
810
809
809
807
807
807
805
803
802
801
798
797
793
792
791
787
784
781
778
775
770
768
764
760
757
754
751
748
743
742
737
735
732
729
726
723
719
717
715
712
711
708
708
705
704
701
700
696
694
689
687
682
676
671
662
655
643
634
624
614
606
599
595
588
583
578
574
570
565
561
557
552
551
547
546
544
542
541
540
540
543
546
551
560
568
581
593
605
619
632
644
656
664
675
684
692
700
707
713
721
726
732
737
744
748
753
758
762
769
773
778
788
788
794
798
806
813
819
837
846
852
854
856
857
858
857
858
859
859
859
859
858
860
861
860
859
859
860
859
860
860
859
859
861
861
860
862
861
860
855
840
817
804
805
811
817
822
825
825
827
829
827
828
828
826
826
826
823
822
822
821
821
821
819
820
821
820
819
819
818
816
816
813
809
805
799
795
791
788
786
786
785
787
790
793
797
802
807
813
820
825
829
832
830
826
821
813
803
793
784
784
791
799
805
809
813
814
816
815
814
813
812
809
809
806
804
802
799
794
790
783
775
766
757
752
749
747
747
747
750
751
752
756
757
758
759
759
758
757
755
751
751
747
745
743
747
755
765
775
781
786
789
791
794
794
792
793
799
791
790
790
786
784
782
779
768
773
767
766
761
758
757
753
753
753
752
753
754
754
755
754
754
753
752
755
757
764
773
779
785
789
791
789
796
799
801
800
801
799
799
799
797
797
798
797
798
799
798
798
797
795
793
792
791
788
787
786
782
780
780
781
787
795
801
807
813
814
817
819
821
827
831
836
841
846
851
857
859
859
859
859
861
862
860
861
862
861
860
861
863
860
861
862
861
862
862
861
861
861
862
862
862
862
861
861
861
862
861
862
861
861
860
860
860
856
856
855
852
851
851
848
848
847
846
845
844
843
842
842
843
840
841
839
831
839
838
837
836
836
836
834
834
835
834
833
834
834
833
834
833
833
833
833
832
832
833
832
833
833
832
834
832
832
833
832
832
832
832
832
833
831
832
833
832
831
831
833
831
833
832
831
832
832
831
832
832
831
832
832
833
831
832
833
832
831
832
832
831
832
833
826
832
833
832
832
833
833
832
834
832
833
827
833
835
835
836
835
836
836
836
838
839
839
840
843
842
847
844
845
847
846
848
847
847
848
847
848
849
848
848
850
849
851
853
852
853
855
856
856
858
859
861
860
860
861
860
860
860
862
860
861
861
860
861
861
860
860
862
863
862
861
862
862
861
861
862
862
861
862
863
861
861
861
862
862
861
861
861
862
861
861
862
862
862
862
860
862
862
861
861
862
861
861
861
861
861
860
861
862
860
860
860
860
860
861
862
860
860
862
861
860
861
860
859
860
862
860
860
861
861
860
860
861
860
860
860
859
860
860
861
861
859
861
861
861
859
860
861
860
860
861
861
860
862
862
860
860
861
861
861
861
860
861
861
860
861
861
860
861
861
860
860
862
862
860
862
861
861
861
862
862
860
862
861
862
861
861
863
861
861
862
862
861
862
863
862
861
862
862
862
861
863
861
863
861
862
863
861
862
863
862
862
863
862
862
864
863
861
862
863
862
862
862
862
862
863
862
861
861
861
862
861
862
863
861
861
861
862
862
861
862
861
861
860
861
861
859
861
861
860
860
861
860
860
860
860
860
860
861
861
860
859
860
860
860
860
859
860
860
859
860
860
860
860
861
860
859
859
861
859
859
860
861
860
859
860
861
860
860
860
860
859
861
861
861
859
860
860
859
860
861
860
859
859
861
860
860
861
861
859
860
862
860
861
861
862
860
860
861
861
860
861
861
860
860
861
860
860
861
861
861
860
861
862
861
859
861
861
