
977
981
986
989
988
930
959
992
984
935
942
969
987
981
987
962
943
984
995
928
950
988
926
970
990
924
956
978
987
933
960
992
982
939
947
994
984
988
933
955
992
980
935
963
992
968
959
991
985
939
947
993
995
992
981
955
944
983
982
941
969
987
943
945
993
982
986
947
973
977
987
929
976
993
984
955
978
989
969
940
968
993
944
966
986
950
967
985
948
964
994
958
943
969
988
993
931
960
991
974
938
984
980
937
963
984
989
989
932
961
991
995
985
925
972
995
987
970
988
991
985
951
945
994
952
944
951
976
988
931
977
991
986
938
943
988
960
923
985
984
926
968
975
994
986
958
944
970
988
987
929
957
991
993
986
929
952
987
994
987
930
959
991
982
937
964
993
938
964
984
988
991
972
959
982
986
994
985
956
978
988
952
977
992
975
958
982
993
986
928
934
981
971
995
924
930
977
992
983
938
948
995
987
929
936
963
993
984
988
952
960
949
974
991
930
959
991
979
949
965
994
947
966
986
994
925
954
978
991
995
931
951
988
988
972
938
966
994
950
925
973
995
990
970
937
967
995
986
969
996
987
952
989
990
970
932
969
996
987
930
942
968
995
987
968
976
991
978
942
947
995
994
985
954
949
973
978
988
936
944
994
985
944
985
988
994
984
986
948
975
992
929
938
966
994
995
926
934
974
970
962
900
930
975
955
897
946
957
942
900
915
893
846
872
841
717
694
545
555
579
615
507
377
314
271
269
239
222
239
257
239
256
318
300
230
247
281
254
227
257
277
223
286
308
312
277
247
248
259
237
220
225
239
228
250
272
311
229
219
216
234
223
208
275
425
472
637
713
741
823
807
896
851
928
881
922
943
907
974
965
913
955
980
903
937
982
908
941
985
967
950
961
970
991
944
972
987
924
933
977
993
936
945
986
936
943
969
989
991
972
912
943
986
914
943
983
951
897
920
958
875
837
898
762
790
779
726
735
593
558
562
494
502
456
466
445
412
445
400
400
359
380
407
419
401
402
365
367
395
473
464
494
445
432
440
451
410
415
405
373
413
448
502
432
441
435
406
375
336
340
341
314
338
347
315
241
238
216
185
198
213
206
185
207
241
238
261
199
185
196
195
191
206
187
179
204
223
234
267
179
191
193
181
201
196
183
205
201
226
255
405
528
729
864
960
963
986
992
994
995
990
976
960
967
987
986
927
974
994
982
974
991
985
981
976
947
954
989
926
902
969
939
912
890
887
817
639
630
478
376
285
252
228
221
221
297
305
286
240
274
251
224
249
261
235
204
215
277
249
252
211
226
192
213
227
285
344
326
390
431
463
440
423
407
410
446
460
470
502
487
501
516
456
437
442
466
490
474
459
460
457
400
411
319
298
201
182
200
215
193
248
345
369
472
567
603
529
450
438
435
406
385
374
369
406
429
398
367
368
348
384
449
520
686
766
806
951
908
924
958
978
991
935
982
980
963
986
991
985
964
943
971
976
992
977
959
993
987
994
984
983
941
941
953
814
697
661
609
570
497
402
358
333
376
384
351
271
257
281
273
236
249
268
229
290
308
288
261
225
236
215
208
233
215
209
255
387
492
574
613
692
704
685
768
708
814
751
854
818
869
796
818
817
781
861
738
801
759
783
783
768
792
766
719
713
721
601
681
605
575
539
505
506
516
463
369
338
327
339
299
254
264
292
287
261
295
313
242
232
248
244
223
241
268
250
307
374
425
402
437
483
569
625
727
709
733
739
783
810
796
790
861
770
825
812
815
852
748
857
802
871
800
855
752
820
819
810
808
766
815
776
860
769
820
762
710
779
665
740
645
675
591
682
589
658
554
527
535
525
512
536
509
521
523
590
639
570
496
528
535
527
545
506
461
420
403
399
385
386
329
296
269
233
250
261
245
223
236
266
255
261
230
222
200
237
216
197
218
213
201
265
294
296
282
349
397
404
408
416
470
512
574
638
617
694
599
656
686
643
692
698
673
655
696
664
690
661
622
633
558
588
541
582
583
577
649
611
635
639
600
733
676
726
703
810
745
820
788
886
790
827
804
769
867
797
834
828
801
828
819
893
824
848
837
801
820
834
779
867
759
848
833
866
830
796
777
832
745
800
709
730
633
717
652
617
556
538
508
450
464
440
435
381
406
440
477
487
439
446
410
440
447
435
425
451
413
439
450
404
364
361
377
386
376
351
337
319
320
275
298
279
236
210
219
229
213
194
203
217
221
208
228
192
208
173
194
193
192
205
180
197
248
241
227
202
193
175
206
167
183
177
167
179
226
250
361
558
786
842
950
916
956
984
948
965
985
996
989
970
989
983
982
928
949
994
926
967
977
925
958
991
964
925
958
904
785
759
707
627
592
430
284
223
204
179
159
177
188
157
168
211
212
232
180
155
176
174
164
184
154
172
199
189
221
220
152
173
172
161
189
160
190
233
289
383
389
338
349
389
412
458
505
483
469
451
506
537
564
534
500
517
494
542
567
569
572
583
618
619
631
591
528
575
546
600
570
562
598
610
652
689
650
690
635
660
704
653
758
750
755
817
884
854
911
932
941
957
905
939
948
988
984
980
982
934
959
992
981
939
968
988
987
925
974
991
984
959
965
985
986
987
955
979
988
983
925
972
990
990
971
939
968
995
956
942
969
995
988
933
962
983
987
991
978
934
938
953
906
802
821
702
753
669
652
552
522
547
550
530
566
526
595
516
535
504
522
544
542
561
580
594
512
575
559
609
677
607
620
644
651
683
644
683
685
665
758
706
801
690
736
794
782
762
825
781
869
794
921
862
910
892
878
956
986
915
979
954
964
986
987
950
974
991
928
976
992
976
940
950
976
982
985
942
968
995
986
952
976
992
980
983
926
973
986
916
858
876
896
810
830
809
776
821
706
825
782
771
724
724
706
742
687
767
699
712
718
686
758
755
663
718
626
688
600
660
560
509
475
452
388
418
390
384
385
470
574
618
602
751
735
769
794
858
793
817
825
793
865
782
832
893
858
916
836
871
853
821
912
813
861
897
801
887
932
831
903
837
815
842
820
720
741
748
750
672
754
674
729
583
513
483
446
432
408
397
402
411
405
382
358
311
371
379
398
445
434
415
390
435
483
495
374
302
244
262
297
287
323
386
454
513
529
539
503
510
496
504
475
490
470
448
442
418
401
324
196
175
206
165
174
199
164
196
187
215
260
244
168
201
187
177
180
205
166
209
275
347
468
563
657
628
736
799
832
895
923
874
943
979
916
940
985
912
923
986
960
983
932
976
964
933
974
926
860
880
904
799
706
691
659
552
615
627
540
488
521
484
520
486
524
507
539
571
590
602
558
547
546
633
661
678
775
713
805
812
860
849
808
784
835
883
847
817
879
800
887
819
889
826
735
711
643
662
542
479
475
465
443
489
554
523
494
543
510
562
513
497
528
488
477
515
476
522
599
733
826
877
925
993
940
968
995
988
953
988
992
932
962
993
959
945
985
986
986
957
981
994
982
971
926
967
975
931
895
895
940
874
913
858
778
832
813
766
838
776
750
734
756
669
711
553
544
494
516
486
513
498
463
485
497
509
469
502
549
579
603
726
668
721
697
701
748
696
625
596
496
513
479
462
469
504
518
598
527
527
509
546
637
690
691
733
761
704
746
758
741
675
642
588
509
509
454
498
502
497
539
534
585
600
662
715
768
782
741
849
757
827
838
824
890
784
852
818
811
846
773
816
848
845
955
899
936
979
967
933
965
986
985
947
955
980
987
995
989
964
943
993
957
943
986
990
986
987
987
940
968
983
943
971
994
976
945
985
961
944
967
987
906
870
935
852
876
872
820
876
900
830
872
858
769
853
798
743
819
709
792
685
700
733
737
731
641
675
592
550
488
467
475
445
463
461
425
387
333
336
358
385
380
349
408
453
512
498
561
522
551
572
569
629
645
643
704
647
785
713
803
692
766
721
799
742
796
721
842
765
858
792
819
770
750
739
743
649
700
621
685
589
699
631
608
579
535
511
464
428
437
409
423
436
420
386
347
315
275
280
299
257
213
214
222
259
231
210
214
229
188
225
214
201
243
213
233
277
325
323
284
316
381
369
354
398
455
538
592
621
739
700
712
688
783
762
780
827
864
904
863
935
890
936
953
939
918
973
896
953
980
904
943
983
916
961
986
966
970
957
981
975
940
968
991
928
959
980
985
986
924
933
962
983
969
962
993
985
935
949
988
994
986
935
964
986
937
981
979
962
992
984
929
950
975
992
980
937
981
982
931
981
995
946
947
974
994
981
954
946
972
990
987
937
979
993
985
944
952
976
992
995
940
950
959
991
987
935
945
986
945
924
974
993
993
983
923
932
958
992
950
936
981
940
937
990
929
938
966
986
970
944
984
912
942
983
910
919
932
989
971
930
940
947
975
946
946
976
947
945
974
991
915
911
943
985
957
921
954
989
912
957
946
972
989
918
931
960
985
970
941
925
973
960
970
917
949
973
959
986
972
917
947
976
915
948
985
990
989
968
958
942
970
976
934
927
988
946
928
985
960
986
929
976
962
927
974
960
966
939
966
986
911
962
984
976
967
976
916
947
993
983
929
957
991
983
949
941
968
987
990
985
955
965
994
957
944
951
977
991
972
939
967
987
986
927
957
980
987
955
979
985
984
986
953
978
993
986
987
956
981
987
987
973
942
985
984
945
987
994
984
955
944
985
985
965
994
986
971
988
992
983
988
951
978
992
984
924
970
990
993
985
930
953
988
990
967
961
994
963
942
970
994
926
973
986
924
972
979
993
946
946
995
936
950
977
992
983
930
929
976
982
995
987
926
975
993
994
956
947
985
986
985
955
963
972
994
987
953
990
987
956
941
949
987
992
925
987
994
985
986
926
975
991
982
987
928
958
981
983
939
968
984
944
955
990
993
984
945
974
993
974
941
984
995
946
958
981
973
959
984
957
944
987
986
950
989
991
934
963
985
953
964
971
986
924
972
984
941
986
992
927
988
989
952
989
984
935
963
986
942
946
970
988
977
924
945
946
894
781
680
667
542
483
392
345
303
264
192
189
211
228
257
367
333
359
386
414
419
396
368
332
336
343
387
358
357
381
370
388
407
398
426
429
400
427
389
357
371
375
393
408
419
386
347
378
398
436
473
493
485
514
470
465
513
526
526
542
541
553
613
524
530
516
500
541
554
539
554
543
559
546
562
528
579
539
528
526
574
600
591
574
606
603
577
648
621
604
610
561
545
528
523
560
540
532
589
645
584
581
579
591
