857
959
960
873
834
931
850
899
887
897
863
851
969
939
916
834
820
822
823
826
896
839
826
813
866
858
853
837
852
868
830
933
935
901
886
866
857
844
968
949
841
827
809
833
845
830
815
855
835
849
930
957
945
909
877
839
823
814
828
866
836
861
824
815
819
836
818
848
935
852
897
921
888
871
812
871
951
888
935
949
937
898
898
866
852
927
834
946
911
893
859
845
853
943
968
934
896
845
831
813
824
818
891
955
928
892
900
852
965
940
902
892
879
863
846
836
820
830
867
898
863
879
944
931
917
875
893
879
864
851
853
930
969
925
885
818
827
818
829
834
825
857
824
846
845
828
835
822
855
944
907
898
885
880
891
859
821
828
839
847
828
809
849
936
944
904
882
897
832
864
951
941
903
864
848
830
814
850
825
857
943
946
909
870
856
841
851
810
849
826
860
947
947
911
899
834
856
945
924
910
890
851
880
947
946
889
850
808
948
938
876
834
846
824
848
804
846
831
894
823
923
933
919
907
898
844
869
824
810
819
807
843
879
861
846
805
827
838
858
863
819
829
838
847
829
814
822
826
806
845
833
787
770
779
758
769
804
813
763
771
768
788
760
737
798
802
809
813
821
825
810
815
821
832
802
696
663
713
732
779
826
819
836
875
855
790
842
704
718
758
826
810
715
716
735
795
814
763
802
813
824
805
760
770
780
815
719
667
776
761
771
780
761
797
795
782
783
760
648
653
704
724
552
545
644
616
484
470
528
421
509
451
431
347
312
284
272
275
267
277
289
315
236
265
226
245
268
291
290
305
252
253
275
351
373
456
482
453
442
581
572
657
578
670
603
694
806
864
701
739
808
850
826
810
849
833
844
856
858
881
808
812
838
934
816
818
920
950
936
929
909
875
829
900
951
894
903
863
848
858
841
844
953
853
928
902
821
759
699
712
728
773
731
742
721
535
529
571
416
444
337
296
228
171
136
108
93
54
52
53
55
57
56
46
53
85
73
89
87
52
55
44
52
53
47
47
49
83
82
101
62
100
199
323
315
359
409
543
483
597
568
603
581
570
640
568
609
679
551
561
653
623
579
650
682
553
585
675
572
582
643
544
576
672
617
675
543
574
585
529
608
503
529
604
537
534
632
533
543
468
536
458
469
450
507
436
513
429
384
398
339
401
420
361
342
362
363
366
393
376
396
362
350
359
354
387
304
408
390
375
414
435
481
421
477
480
450
562
504
598
510
602
562
599
512
583
490
546
479
533
470
525
585
527
586
508
540
600
528
561
466
546
475
529
460
543
495
527
449
518
424
468
421
484
434
387
449
433
474
423
323
303
289
283
265
274
259
260
275
293
338
343
303
297
289
310
299
288
303
301
265
253
263
266
214
194
133
117
101
92
63
57
89
88
98
54
54
59
53
51
46
49
50
53
74
69
91
45
46
47
48
50
38
45
40
44
79
69
91
44
50
44
49
56
60
53
53
58
79
114
137
130
116
151
158
149
170
193
168
196
260
277
293
266
243
215
232
243
262
284
291
294
250
252
227
222
226
224
162
164
157
108
104
126
98
104
61
60
58
59
60
57
54
49
49
76
92
95
50
52
54
57
46
53
54
59
49
76
97
117
106
145
211
208
267
312
339
361
393
423
366
367
331
336
413
376
407
374
365
375
392
375
392
355
365
448
418
382
370
378
367
355
406
464
431
382
445
407
351
347
357
360
362
329
356
350
356
345
352
340
332
324
353
347
344
376
408
506
499
405
403
401
468
505
558
512
580
516
607
545
585
493
551
528
514
570
474
527
457
575
483
512
562
461
532
462
506
413
478
407
495
444
514
464
357
355
356
337
335
335
317
316
308
326
336
335
306
293
294
296
283
299
316
335
357
342
281
253
261
281
274
316
311
321
331
341
374
372
371
340
340
337
320
312
298
273
259
238
188
203
200
154
112
99
87
82
78
77
72
72
99
104
108
59
61
59
61
64
64
63
51
75
82
98
98
64
77
97
128
142
170
221
225
241
288
310
291
300
291
313
303
308
313
304
326
264
269
315
276
284
310
319
347
339
334
325
319
369
391
386
365
345
363
348
355
363
494
434
527
495
575
561
590
501
561
491
598
496
570
445
519
464
529
409
481
377
341
307
289
286
267
259
264
258
217
140
137
143
150
121
145
181
163
201
257
303
299
215
217
235
256
276
285
307
300
275
353
301
316
299
314
299
312
327
341
354
349
375
357
369
349
335
386
447
373
358
345
332
335
341
347
364
319
304
284
256
237
202
130
110
96
118
94
105
64
64
62
49
52
54
58
60
48
63
93
102
47
47
51
54
57
51
49
49
51
85
98
139
141
195
191
241
295
244
244
257
294
291
317
280
273
279
273
293
315
321
331
322
367
307
366
272
265
272
280
275
303
336
353
392
417
372
398
385
412
503
437
416
530
503
453
544
540
579
563
607
511
599
505
569
487
561
496
626
537
569
487
526
500
553
546
507
556
436
498
428
486
417
420
358
322
292
274
242
223
211
197
194
138
145
105
76
74
72
71
78
65
64
63
84
96
84
77
81
79
76
94
115
147
158
223
233
275
314
311
322
362
388
410
351
350
366
407
447
492
411
359
472
395
365
363
359
368
357
386
382
393
369
384
359
416
451
424
459
509
459
573
527
553
544
540
620
521
615
529
595
530
596
690
551
583
650
560
591
683
556
568
628
665
688
593
624
665
572
533
586
510
583
479
522
464
534
465
496
403
365
364
303
338
272
308
245
217
234
226
235
165
138
142
142
110
118
128
105
118
130
147
169
111
132
138
125
135
143
119
127
125
118
123
115
71
69
74
78
76
61
63
65
92
95
107
52
51
52
52
52
51
53
43
49
77
80
94
46
53
54
44
54
57
48
50
53
81
100
115
62
66
70
76
85
94
90
103
128
164
184
204
162
156
188
204
163
183
195
153
177
207
214
195
143
156
161
153
120
120
133
99
146
111
127
76
75
75
78
79
81
66
65
64
91
95
109
54
56
58
59
62
46
52
57
45
77
90
97
47
47
48
57
65
70
73
66
67
84
119
135
129
122
160
158
188
242
204
211
259
286
269
295
281
303
310
318
322
292
325
308
346
270
273
264
296
248
239
250
279
302
314
365
426
369
430
501
488
467
564
509
622
545
640
500
556
682
548
560
678
537
604
676
553
591
654
556
644
606
604
610
667
561
591
491
559
496
508
603
497
580
456
520
441
457
400
369
340
330
306
322
339
338
297
265
280
296
299
232
231
239
258
311
344
343
305
305
316
343
357
347
357
344
319
304
284
311
254
242
240
225
165
149
139
138
135
127
121
91
81
84
80
65
69
65
70
72
90
102
105
73
77
77
63
65
71
74
76
71
91
78
110
77
82
71
80
104
121
162
221
204
260
326
354
350
376
381
398
393
403
411
341
364
385
371
362
336
340
345
354
377
364
370
356
367
369
363
308
289
283
290
262
255
233
205
144
159
147
137
83
82
82
81
82
69
66
66
65
90
106
122
62
63
62
61
68
68
70
73
64
91
95
103
68
59
57
55
60
65
69
58
89
99
106
121
64
65
73
79
78
67
72
78
122
117
130
110
132
133
181
235
243
234
256
275
331
358
370
340
334
327
334
339
366
370
357
344
356
371
348
305
309
287
292
299
289
308
313
333
386
356
372
328
331
318
292
295
299
292
315
353
356
359
333
340
367
421
355
482
458
419
538
515
603
578
640
574
625
537
603
579
614
705
581
642
713
725
661
613
679
688
570
572
631
641
614
629
690
591
572
631
534
558
636
504
546
513
563
467
489
434
411
326
316
282
261
241
246
225
240
182
170
144
141
126
112
115
117
100
104
117
119
130
154
107
131
109
124
143
119
129
147
158
132
179
176
121
123
128
100
101
88
74
71
72
95
94
116
64
64
63
66
68
70
57
55
82
67
96
70
48
47
50
51
52
58
55
47
79
88
88
62
63
54
58
63
67
74
79
80
106
96
116
102
101
125
115
148
192
167
189
224
191
224
216
220
226
226
192
217
231
243
186
187
221
246
253
226
223
213
170
161
171
183
130
158
159
156
104
107
105
93
88
87
88
80
67
95
96
109
76
70
62
65
65
69
72
72
73
89
62
104
71
72
56
59
64
72
75
74
60
66
103
117
61
62
67
71
72
76
72
69
67
103
98
123
75
73
78
87
95
114
136
129
207
195
246
271
273
266
282
296
321
334
343
354
367
384
377
341
353
363
371
360
369
358
345
351
345
358
343
291
277
261
265
295
298
312
301
304
255
253
272
246
256
281
302
284
273
300
349
407
503
467
405
430
524
477
574
494
564
500
511
658
595
623
505
586
491
545
486
563
495
530
615
571
618
651
539
599
647
540
628
647
513
594
499
577
523
593
492
558
456
509
400
482
410
366
414
368
335
322
267
245
249
242
236
177
186
203
238
188
209
192
212
166
179
202
219
176
201
220
202
189
229
221
245
197
214
223
256
268
282
300
325
304
293
282
323
349
374
375
379
392
412
537
544
597
559
603
607
534
573
640
543
585
629
576
640
551
534
644
548
557
640
536
571
627
503
579
659
527
556
620
525
617
644
580
655
545
637
754
619
645
687
760
650
698
815
880
898
908
875
882
866
831
813
825
835
821
806
867
809
844
897
864
848
833
826
837
847
833
816
830
840
851
873
868
839
817
813
814
831
940
930
893
906
892
868
870
841
809
849
940
928
892
852
837
823
808
872
829
887
937
945
912
871
855
839
824
937
876
928
896
899
840
852
863
848
831
817
828
837
835
818
894
821
805
817
825
846
941
913
872
859
827
810
859
797
801
943
924
916
851
808
794
805
825
905
872
822
837
823
838
822
807
823
834
817
873
883
896
890
876
834
817
800
947
913
897
847
855
876
866
854
878
815
803
839
799
865
803
855
826
920
949
891
844
806
820
805
815
830
889
865
955
943
891
850
862
819
944
944
908
867
842
851
864
829
946
913
873
883
868
854
839
822
840
962
968
881
858
869
853
863
849
834
846
832
835
853
853
826
837
8