
116
51
60
73
105
14
112
47
57
161
37
117
18
47
10
83
26
78
112
17
109
15
105
48
57
152
20
54
143
12
168
41
99
47
123
149
22
172
35
207
29
86
42
115
12
203
10
51
172
19
108
10
121
17
95
122
17
118
16
100
29
184
25
70
106
16
127
27
73
204
18
205
15
198
15
105
26
139
42
26
149
38
200
17
116
54
149
99
212
17
102
167
21
130
12
187
11
123
11
131
30
137
50
57
147
13
156
35
129
13
127
31
107
16
153
23
63
176
13
120
24
147
12
164
41
26
170
40
193
18
139
19
46
122
11
195
19
98
26
153
13
163
79
46
57
152
97
211
17
216
17
121
30
105
32
37
82
25
153
20
52
182
37
209
30
194
15
114
14
151
94
14
12
85
23
154
20
204
10
105
16
112
15
12
44
29
164
41
26
163
43
115
157
14
158
24
145
22
53
149
102
28
131
13
155
20
51
184
15
208
14
211
17
214
10
206
15
103
46
53
141
12
133
31
92
90
41
47
55
141
38
27
82
16
12
9
29
19
92
40
8
24
60
11
10
47
8
7
19
5
5
4
9
17
7
15
15
8
14
18
14
10
5
8
15
11
11
7
23
3
4
6
7
15
9
5
3
11
6
16
20
8
5
13
6
18
17
17
17
17
15
10
20
32
48
14
17
8
15
12
9
33
80
15
23
36
8
26
76
10
8
14
18
9
19
82
7
20
57
36
36
74
9
29
14
117
20
96
43
74
8
9
60
75
86
114
14
123
16
35
87
89
22
126
19
107
10
83
16
12
11
87
102
9
15
21
61
36
37
60
10
95
94
82
77
59
52
9
17
12
9
32
9
25
65
10
8
13
10
8
25
8
18
15
19
60
10
69
7
11
22
71
66
8
24
13
49
12
64
7
12
10
30
75
63
49
32
29
58
9
13
10
8
24
6
11
8
15
7
22
7
17
11
8
28
16
5
9
32
7
21
7
11
12
39
19
47
9
16
21
35
17
9
15
9
38
5
14
18
13
10
8
24
6
8
21
18
30
41
18
37
28
21
30
12
9
36
9
28
16
75
9
30
11
57
17
13
37
87
88
25
64
10
68
9
16
8
14
9
41
65
70
19
44
53
70
10
61
15
10
51
12
81
11
76
78
7
13
10
8
23
64
6
19
48
10
6
6
17
12
6
10
7
22
4
6
18
14
4
9
13
12
17
16
15
9
8
4
10
7
10
6
9
8
4
6
15
15
7
13
12
20
5
6
17
13
10
8
14
17
16
7
16
7
11
8
11
25
10
16
6
16
8
32
58
8
15
12
10
71
9
30
11
48
18
11
26
39
55
9
32
70
64
9
29
7
43
54
64
7
20
58
9
18
14
7
22
62
78
93
94
44
53
71
10
72
10
95
76
66
32
27
61
17
8
14
14
71
17
8
27
85
13
60
11
80
16
8
27
134
12
79
95
88
41
94
47
120
10
77
8
27
82
11
58
10
93
85
8
13
75
7
12
9
60
63
47
12
7
17
12
9
34
7
25
51
11
10
39
22
57
11
18
49
10
7
14
19
49
9
16
9
25
6
10
8
25
22
19
33
9
51
7
9
26
31
7
14
7
22
6
7
11
9
34
9
51
23
19
6
10
8
15
12
6
12
11
44
12
7
23
74
12
68
10
82
15
8
26
81
13
104
33
106
15
24
52
143
11
104
19
103
78
48
11
81
14
11
58
9
28
8
17
8
8
17
11
6
17
12
6
17
13
12
8
16
16
13
10
9
17
32
6
16
23
8
13
9
33
8
15
12
10
16
7
21
14
8
25
66
6
11
13
50
8
14
11
6
18
14
12
10
6
17
13
15
38
27
6
11
9
25
7
14
4
10
8
21
6
10
8
18
21
7
18
11
8
17
11
6
9
11
11
13
27
8
20
5
6
24
7
23
7
19
55
9
17
17
13
9
26
24
93
23
70
22
22
71
87
122
16
82
11
65
10
8
14
11
9
30
29
101
77
11
120
34
149
10
122
18
22
78
113
18
124
50
139
12
163
20
195
11
197
20
100
18
108
55
65
81
212
164
101
27
174
25
140
124
26
154
12
163
38
202
17
136
33
116
18
105
28
121
13
123
11
112
19
130
10
122
19
43
114
9
19
109
30
29
98
23
68
12
100
27
111
8
15
7
22
42
9
32
71
12
15
5
5
13
10
8
29
7
12
10
9
28
8
6
19
5
6
16
21
40
33
8
13
9
19
44
8
15
11
8
13
10
9
20
7
22
47
9
19
72
41
14
106
26
178
25
147
124
17
139
24
154
13
164
39
140
33
99
103
22
33
88
87
70
77
95
77
85
50
56
21
68
46
25
51
44
37
13
6
12
9
19
13
38
19
5
9
30
11
6
17
8
16
13
11
6
11
9
32
7
13
11
8
30
8
14
12
8
16
12
10
38
32
8
13
10
10
45
10
44
11
8
15
19
54
6
10
8
16
23
53
8
27
56
12
9
30
11
8
30
51
33
33
7
13
7
18
33
65
77
7
14
11
83
8
15
12
59
10
91
79
64
46
19
100
11
97
92
43
113
30
40
9
16
21
119
15
61
30
73
81
70
8
15
11
40
61
73
55
51
53
9
29
49
12
10
28
58
73
45
27
17
12
6
11
11
42
30
71
58
11
13
46
10
6
8
23
11
43
21
16
12
11
30
56
40
15
20
31
18
25
33
20
25
11
9
25
6
5
5
14
11
5
15
19
3
7
19
6
4
5
4
10
7
14
17
8
16
22
5
12
7
21
6
6
13
7
12
6
22
6
9
22
15
5
8
28
18
51
42
7
13
11
7
22
64
6
7
22
30
33
7
13
12
10
17
66
8
14
10
8
27
9
35
8
13
11
52
8
15
11
23
29
7
38
8
24
7
15
22
40
15
11
8
29
5
8
25
10
30
32
36
28
7
12
10
8
25
6
19
29
32
9
21
6
15
11
8
8
13
9
12
22
8
13
8
15
17
9
14
11
8
10
16
11
18
23
4
9
10
11
11
13
10
8
9
11
17
14
14
7
18
10
17
19
6
13
13
12
10
7
14
12
9
10
8
28
14
41
7
21
7
16
12
10
9
25
6
10
8
14
8
21
34
15
7
21
13
30
22
6
9
29
8
20
5
5
8
14
18
8
14
10
5
14
13
6
13
8
11
16
12
9
8
3
7
12
11
17
20
4
12
7
17
13
10
7
9
4
8
19
4
9
8
3
4
12
10
8
10
11
11
8
18
15
12
10
6
16
21
61
10
22
33
9
13
6
17
13
10
9
26
7
19
55
13
36
51
58
42
7
24
6
20
61
11
10
11
20
89
46
60
84
12
15
8
30
95
96
105
48
10
64
17
8
28
13
66
10
83
17
11
46
15
9
31
100
26
87
120
9
18
14
18
12
51
17
9
56
72
89
109
14
23
49
119
25
22
63
37
38
72
15
12
9
73
98
93
21
60
37
36
62
8
26
6
11
11
68
10
8
10
8
24
61
7
35
22
31
46
12
6
11
15
6
11
9
30
7
22
6
17
14
9
15
10
8
25
6
6
20
5
11
10
8
8
18
19
5
6
10
7
20
4
11
9
27
7
53
38
23
7
18
14
6
12
11
76
16
10
62
14
7
12
9
31
7
14
10
12
24
89
91
42
50
125
10
63
40
38
10
36
75
78
13
15
8
22
85
62
6
11
9
23
33
16
11
5
5
5
14
17
12
11
10
8
9
19
3
8
29
4
12
6
19
7
15
9
21
4
10
8
29
7
22
12
33
31
8
10
31
20
20
10
7
20
4
8
24
6
13
4
12
10
5
14
6
12
6
10
10
8
23
5
6
10
8
18
19
3
4
13
18
21
55
16
13
10
8
28
67
21
139
22
126
153
45
55
162
20
53
165
12
186
12
124
19
220
12
215
16
119
16
112
53
65
79
109
15
152
24
147
20
111
166
41
49
126
11
209
12
105
166
41
14
11
44
11
119
58
35
122
14
117
28
180
22
136
141
23
141
105
13
149
47
121
132
45
116
9
19
182
15
68
22
139
15
130
18
134
34
157
9
18
23
95
143
13
109
36
134
16
24
123
10
126
17
123
18
14
18
13
10
22
57
82
65
20
105
10
125
70
87
40
120
34
143
15
34
115
78
12
113
43
46
117
10
124
18
9
30
152
16
145
16
24
134
49
13
78
12
98
85
34
55
150
22
129
10
127
34
117
60
77
157
8
18
14
83
21
129
10
132
65
78
182
14
186
24
149
11
151
21
180
32
91
92
44
54
150
20
123
15
194
10
196
17
134
31
95
95
46
55
151
16
163
38
196
17
133
30
122
50
58
154
12
182
35
213
16
112
26
145
12
165
20
52
193
20
44
113
164
13
165
129
25
160
20
53
141
135
15
106
26
129
24
142
12
174
36
215
20
40
130
62
35
114
54
65
179
13
131
23
188
13
178
20
51
179
135
15
112
24
155
21
118
18
80
25
157
110
28
121
14
158
24
178
21
105
16
117
16
12
34
163
81
32
74
207
30
72
87
22
176
11
167
38
197
17
139
33
111
15
12
28
70
109
14
116
24
165
21
117
165
20
57
151
12
153
36
124
16
13
14
112
54
64
176
13
161
126
10
111
17
131
68
82
116
27
178
13
150
20
213
16
97
98
49
53
185
11
122
10
205
18
130
17
82
16
117
28
183
24
153
102
28
117
51
11
106
57
165
12
147
22
139
19
50
139
120
15
106
60
76
213
13
47
136
132
25
168
13
137
15
163
46
27
151
47
57
156
98
106
167
21
64
129
16
137
50
30
11
21
179
14
107
28
173
15
135
23
61
131
12
167
89
22
138
120
27
179
24
69
197
26
19
203
18
48
16
94
82
16
130
112
133
57
15
104
129
133
14
13
29
169
22
61
141
13
145
42
51
173
